Distance,10.0
TXDevice,iPhone11
TXPower,8
RXDevice,iPhone11_Pro_max
TXCarry,hand
RXCarry,hand
RXPose,sitting
TXPose,sitting
0.000,Bluetooth,-62
0.039,Bluetooth,-52
0.040,Bluetooth,-53
0.071,Bluetooth,-53
0.105,Bluetooth,-53
0.106,Bluetooth,-54
0.177,Bluetooth,-60
0.177,Bluetooth,-62
0.216,Bluetooth,-53
0.217,Bluetooth,-54
0.250,Bluetooth,-60
0.250,Bluetooth,-61
0.328,Bluetooth,-54
0.328,Bluetooth,-53
0.368,Bluetooth,-61
0.405,Bluetooth,-54
0.406,Bluetooth,-53
0.511,Bluetooth,-54
0.541,Bluetooth,-61
0.542,Bluetooth,-60
0.607,Bluetooth,-63
0.608,Bluetooth,-64
0.718,Bluetooth,-61
0.719,Bluetooth,-62
0.755,Bluetooth,-63
0.756,Bluetooth,-63
0.821,Bluetooth,-54
0.822,Bluetooth,-54
0.853,Bluetooth,-61
0.854,Bluetooth,-61
0.921,Bluetooth,-53
0.922,Bluetooth,-54
0.958,Bluetooth,-54
0.993,Bluetooth,-53
0.994,Bluetooth,-54
1.023,Bluetooth,-60
1.024,Bluetooth,-60
1.057,Bluetooth,-62
1.058,Bluetooth,-62
1.118,Bluetooth,-61
1.119,Bluetooth,-61
1.153,Bluetooth,-53
1.154,Bluetooth,-53
1.187,Bluetooth,-59
1.188,Bluetooth,-59
1.263,Bluetooth,-58
1.300,Bluetooth,-61
1.300,Bluetooth,-60
1.340,Bluetooth,-53
1.341,Bluetooth,-53
1.374,Bluetooth,-58
1.375,Bluetooth,-58
1.405,Bluetooth,-60
1.405,Bluetooth,-60
1.438,Bluetooth,-53
1.439,Bluetooth,-54
1.543,Bluetooth,-60
1.580,Bluetooth,-60
1.581,Bluetooth,-59
1.619,Bluetooth,-53
1.620,Bluetooth,-53
1.939,Bluetooth,-54
1.939,Bluetooth,-55
1.975,Bluetooth,-57
1.976,Bluetooth,-57
2.009,Bluetooth,-60
2.009,Bluetooth,-59
2.047,Bluetooth,-55
2.048,Bluetooth,-54
2.087,Bluetooth,-57
2.088,Bluetooth,-57
2.124,Bluetooth,-58
2.125,Bluetooth,-59
2.159,Bluetooth,-57
2.229,Bluetooth,-56
2.230,Bluetooth,-56
2.264,Bluetooth,-57
2.265,Bluetooth,-57
2.295,Bluetooth,-59
2.296,Bluetooth,-60
2.401,Bluetooth,-55
2.402,Bluetooth,-55
2.438,Bluetooth,-58
2.439,Bluetooth,-57
2.469,Bluetooth,-59
2.542,Bluetooth,-60
2.543,Bluetooth,-59
2.578,Bluetooth,-54
2.579,Bluetooth,-53
2.609,Bluetooth,-57
2.610,Bluetooth,-58
2.645,Bluetooth,-60
2.646,Bluetooth,-60
2.677,Bluetooth,-55
2.678,Bluetooth,-54
2.750,Bluetooth,-55
2.785,Bluetooth,-56
2.785,Bluetooth,-56
2.821,Bluetooth,-60
2.822,Bluetooth,-60
2.947,Bluetooth,-59
2.948,Bluetooth,-60
2.980,Bluetooth,-56
2.981,Bluetooth,-55
3.019,Bluetooth,-57
3.020,Bluetooth,-58
3.053,Bluetooth,-57
3.088,Bluetooth,-59
3.089,Bluetooth,-58
3.127,Bluetooth,-60
3.128,Bluetooth,-59
3.157,Bluetooth,-57
3.158,Bluetooth,-57
3.223,Bluetooth,-60
3.224,Bluetooth,-61
3.262,Bluetooth,-59
3.263,Bluetooth,-60
3.299,Bluetooth,-63
3.300,Bluetooth,-62
3.335,Bluetooth,-58
3.336,Bluetooth,-59
3.371,Bluetooth,-61
3.484,Bluetooth,-57
3.484,Bluetooth,-57
3.524,Bluetooth,-63
3.525,Bluetooth,-63
3.599,Bluetooth,-61
3.600,Bluetooth,-62
3.665,Bluetooth,-63
3.729,Bluetooth,-61
3.730,Bluetooth,-60
3.896,Bluetooth,-58
3.897,Bluetooth,-57
19.996,Bluetooth,-57
19.997,Bluetooth,-57
20.032,Bluetooth,-61
20.071,Bluetooth,-67
20.072,Bluetooth,-66
20.136,Bluetooth,-59
20.139,Bluetooth,-58
20.168,Bluetooth,-66
20.315,Bluetooth,-59
20.315,Bluetooth,-58
20.347,Bluetooth,-62
20.348,Bluetooth,-62
20.382,Bluetooth,-65
20.384,Bluetooth,-65
20.455,Bluetooth,-58
20.494,Bluetooth,-58
20.495,Bluetooth,-58
20.532,Bluetooth,-62
20.533,Bluetooth,-63
20.635,Bluetooth,-62
20.636,Bluetooth,-61
20.708,Bluetooth,-65
20.709,Bluetooth,-65
20.748,Bluetooth,-62
20.782,Bluetooth,-58
20.784,Bluetooth,-58
20.822,Bluetooth,-62
20.822,Bluetooth,-61
20.949,Bluetooth,-62
20.949,Bluetooth,-63
20.988,Bluetooth,-63
20.989,Bluetooth,-64
21.024,Bluetooth,-58
21.025,Bluetooth,-58
21.063,Bluetooth,-65
21.102,Bluetooth,-58
21.102,Bluetooth,-59
21.137,Bluetooth,-61
21.138,Bluetooth,-62
21.199,Bluetooth,-58
21.200,Bluetooth,-59
21.263,Bluetooth,-62
21.264,Bluetooth,-62
21.299,Bluetooth,-62
21.301,Bluetooth,-63
21.329,Bluetooth,-58
21.330,Bluetooth,-58
21.368,Bluetooth,-58
21.443,Bluetooth,-62
21.443,Bluetooth,-61
21.620,Bluetooth,-63
21.621,Bluetooth,-63
21.653,Bluetooth,-64
21.686,Bluetooth,-63
21.687,Bluetooth,-63
21.717,Bluetooth,-57
21.718,Bluetooth,-58
21.797,Bluetooth,-63
21.798,Bluetooth,-62
21.944,Bluetooth,-63
21.946,Bluetooth,-63
22.080,Bluetooth,-58
22.081,Bluetooth,-58
22.120,Bluetooth,-61
22.121,Bluetooth,-61
22.156,Bluetooth,-63
22.157,Bluetooth,-63
22.187,Bluetooth,-63
22.188,Bluetooth,-63
22.223,Bluetooth,-58
22.224,Bluetooth,-59
22.263,Bluetooth,-61
22.296,Bluetooth,-60
22.297,Bluetooth,-61
22.330,Bluetooth,-63
22.332,Bluetooth,-63
22.428,Bluetooth,-60
22.429,Bluetooth,-61
22.540,Bluetooth,-61
22.541,Bluetooth,-62
22.582,Bluetooth,-62
22.582,Bluetooth,-61
22.614,Bluetooth,-58
22.615,Bluetooth,-58
22.646,Bluetooth,-61
22.647,Bluetooth,-60
22.716,Bluetooth,-58
22.717,Bluetooth,-59
22.857,Bluetooth,-62
23.003,Bluetooth,-61
23.004,Bluetooth,-62
23.067,Bluetooth,-61
23.068,Bluetooth,-61
23.140,Bluetooth,-56
23.178,Bluetooth,-60
23.179,Bluetooth,-60
23.312,Bluetooth,-61
23.312,Bluetooth,-61
23.347,Bluetooth,-61
23.348,Bluetooth,-62
23.447,Bluetooth,-61
23.478,Bluetooth,-59
23.478,Bluetooth,-60
23.507,Bluetooth,-61
23.508,Bluetooth,-60
23.543,Bluetooth,-61
23.543,Bluetooth,-61
23.573,Bluetooth,-57
23.574,Bluetooth,-57
23.641,Bluetooth,-62
23.642,Bluetooth,-62
23.678,Bluetooth,-57
23.679,Bluetooth,-57
23.753,Bluetooth,-62
23.784,Bluetooth,-61
23.785,Bluetooth,-61
23.817,Bluetooth,-60
23.818,Bluetooth,-61
23.880,Bluetooth,-58
23.881,Bluetooth,-59
51.256,Bluetooth,-77
51.257,Bluetooth,-76
51.294,Bluetooth,-55
51.295,Bluetooth,-55
51.335,Bluetooth,-60
51.336,Bluetooth,-59
51.367,Bluetooth,-72
51.368,Bluetooth,-72
51.437,Bluetooth,-60
51.438,Bluetooth,-61
51.504,Bluetooth,-73
51.504,Bluetooth,-73
51.542,Bluetooth,-54
51.543,Bluetooth,-56
51.578,Bluetooth,-60
51.578,Bluetooth,-61
51.613,Bluetooth,-69
51.615,Bluetooth,-70
51.644,Bluetooth,-70
51.744,Bluetooth,-68
51.745,Bluetooth,-69
51.848,Bluetooth,-69
51.849,Bluetooth,-67
51.882,Bluetooth,-54
51.884,Bluetooth,-54
51.919,Bluetooth,-60
51.952,Bluetooth,-53
51.992,Bluetooth,-59
51.993,Bluetooth,-61
52.027,Bluetooth,-67
52.028,Bluetooth,-67
52.099,Bluetooth,-60
52.101,Bluetooth,-59
52.168,Bluetooth,-68
52.169,Bluetooth,-68
52.198,Bluetooth,-54
52.200,Bluetooth,-54
52.239,Bluetooth,-61
52.274,Bluetooth,-61
52.275,Bluetooth,-61
52.309,Bluetooth,-62
52.310,Bluetooth,-61
52.368,Bluetooth,-68
52.369,Bluetooth,-67
52.446,Bluetooth,-61
52.447,Bluetooth,-61
52.482,Bluetooth,-67
52.483,Bluetooth,-66
52.520,Bluetooth,-52
52.521,Bluetooth,-54
52.553,Bluetooth,-67
52.588,Bluetooth,-60
52.589,Bluetooth,-61
52.618,Bluetooth,-65
52.619,Bluetooth,-65
52.722,Bluetooth,-61
52.723,Bluetooth,-60
52.764,Bluetooth,-66
52.764,Bluetooth,-66
52.794,Bluetooth,-54
52.794,Bluetooth,-54
52.835,Bluetooth,-60
52.836,Bluetooth,-60
53.062,Bluetooth,-64
53.062,Bluetooth,-64
53.097,Bluetooth,-53
53.098,Bluetooth,-54
53.133,Bluetooth,-61
53.134,Bluetooth,-61
53.342,Bluetooth,-65
53.343,Bluetooth,-65
53.377,Bluetooth,-53
53.378,Bluetooth,-53
53.518,Bluetooth,-64
53.519,Bluetooth,-63
53.585,Bluetooth,-53
53.586,Bluetooth,-53
53.618,Bluetooth,-61
53.619,Bluetooth,-62
53.727,Bluetooth,-54
53.728,Bluetooth,-54
53.832,Bluetooth,-54
53.833,Bluetooth,-54
53.863,Bluetooth,-60
53.864,Bluetooth,-60
53.966,Bluetooth,-53
53.967,Bluetooth,-54
54.037,Bluetooth,-63
54.038,Bluetooth,-64
54.072,Bluetooth,-59
54.222,Bluetooth,-64
54.223,Bluetooth,-63
54.299,Bluetooth,-57
54.300,Bluetooth,-57
54.339,Bluetooth,-62
54.340,Bluetooth,-63
54.380,Bluetooth,-62
54.381,Bluetooth,-63
54.482,Bluetooth,-57
54.483,Bluetooth,-57
54.516,Bluetooth,-65
54.517,Bluetooth,-63
54.552,Bluetooth,-57
54.553,Bluetooth,-57
54.584,Bluetooth,-56
54.585,Bluetooth,-56
54.648,Bluetooth,-59
54.726,Bluetooth,-60
54.727,Bluetooth,-61
54.757,Bluetooth,-54
54.758,Bluetooth,-54
54.864,Bluetooth,-59
54.865,Bluetooth,-59
54.901,Bluetooth,-54
54.902,Bluetooth,-54
54.966,Bluetooth,-54
54.997,Bluetooth,-63
54.998,Bluetooth,-62
55.032,Bluetooth,-56
55.033,Bluetooth,-56
55.064,Bluetooth,-53
55.065,Bluetooth,-53
55.105,Bluetooth,-61
55.106,Bluetooth,-61
55.201,Bluetooth,-53
55.202,Bluetooth,-53
80.757,Bluetooth,-55
80.795,Bluetooth,-55
80.796,Bluetooth,-55
80.831,Bluetooth,-51
80.832,Bluetooth,-51
80.966,Bluetooth,-51
80.967,Bluetooth,-50
81.070,Bluetooth,-51
81.258,Bluetooth,-51
81.259,Bluetooth,-51
81.326,Bluetooth,-56
81.326,Bluetooth,-56
81.397,Bluetooth,-54
81.398,Bluetooth,-57
81.428,Bluetooth,-51
81.429,Bluetooth,-50
81.543,Bluetooth,-51
81.544,Bluetooth,-51
81.582,Bluetooth,-56
81.583,Bluetooth,-55
81.651,Bluetooth,-55
81.690,Bluetooth,-56
81.691,Bluetooth,-54
81.807,Bluetooth,-54
81.808,Bluetooth,-54
81.874,Bluetooth,-52
81.875,Bluetooth,-51
81.909,Bluetooth,-54
81.910,Bluetooth,-53
81.945,Bluetooth,-51
81.984,Bluetooth,-52
81.985,Bluetooth,-51
82.018,Bluetooth,-54
82.019,Bluetooth,-54
82.086,Bluetooth,-54
82.087,Bluetooth,-54
82.153,Bluetooth,-55
82.154,Bluetooth,-54
82.180,Bluetooth,-54
82.181,Bluetooth,-54
82.257,Bluetooth,-55
82.296,Bluetooth,-51
82.296,Bluetooth,-52
82.327,Bluetooth,-54
82.357,Bluetooth,-54
82.358,Bluetooth,-54
82.491,Bluetooth,-53
82.492,Bluetooth,-54
82.523,Bluetooth,-50
82.524,Bluetooth,-51
82.561,Bluetooth,-54
82.593,Bluetooth,-51
82.594,Bluetooth,-51
82.623,Bluetooth,-53
82.624,Bluetooth,-54
82.660,Bluetooth,-54
82.661,Bluetooth,-54
82.763,Bluetooth,-54
82.764,Bluetooth,-55
82.792,Bluetooth,-55
82.794,Bluetooth,-54
82.858,Bluetooth,-51
82.895,Bluetooth,-51
82.897,Bluetooth,-50
82.927,Bluetooth,-54
82.929,Bluetooth,-54
82.966,Bluetooth,-53
82.967,Bluetooth,-54
83.044,Bluetooth,-51
83.045,Bluetooth,-51
83.079,Bluetooth,-54
83.080,Bluetooth,-55
83.112,Bluetooth,-54
83.114,Bluetooth,-54
83.146,Bluetooth,-54
83.387,Bluetooth,-51
83.388,Bluetooth,-51
83.425,Bluetooth,-54
83.426,Bluetooth,-54
83.489,Bluetooth,-54
83.490,Bluetooth,-53
83.519,Bluetooth,-53
83.520,Bluetooth,-54
83.659,Bluetooth,-54
83.659,Bluetooth,-55
83.697,Bluetooth,-51
83.698,Bluetooth,-52
83.733,Bluetooth,-54
83.733,Bluetooth,-54
83.762,Bluetooth,-51
83.801,Bluetooth,-53
83.802,Bluetooth,-53
83.875,Bluetooth,-51
83.876,Bluetooth,-51
83.916,Bluetooth,-53
83.950,Bluetooth,-55
83.951,Bluetooth,-53
83.984,Bluetooth,-51
83.985,Bluetooth,-51
84.059,Bluetooth,-55
84.093,Bluetooth,-53
84.094,Bluetooth,-53
84.125,Bluetooth,-55
84.126,Bluetooth,-54
84.162,Bluetooth,-51
84.163,Bluetooth,-51
84.267,Bluetooth,-54
84.268,Bluetooth,-54
84.299,Bluetooth,-52
84.300,Bluetooth,-51
84.333,Bluetooth,-50
84.334,Bluetooth,-51
84.366,Bluetooth,-53
84.440,Bluetooth,-55
84.441,Bluetooth,-54
84.514,Bluetooth,-53
84.515,Bluetooth,-53
84.584,Bluetooth,-51
84.585,Bluetooth,-51
84.622,Bluetooth,-54
84.623,Bluetooth,-53
84.702,Bluetooth,-53
84.702,Bluetooth,-53
110.574,Bluetooth,-53
110.575,Bluetooth,-53
110.650,Bluetooth,-61
110.651,Bluetooth,-62
110.686,Bluetooth,-53
110.687,Bluetooth,-52
110.765,Bluetooth,-53
110.802,Bluetooth,-55
110.803,Bluetooth,-54
110.841,Bluetooth,-62
110.842,Bluetooth,-63
110.879,Bluetooth,-53
110.880,Bluetooth,-53
110.917,Bluetooth,-54
110.918,Bluetooth,-54
110.953,Bluetooth,-62
110.954,Bluetooth,-63
110.991,Bluetooth,-53
110.992,Bluetooth,-53
111.030,Bluetooth,-54
111.031,Bluetooth,-55
111.063,Bluetooth,-55
111.100,Bluetooth,-53
111.101,Bluetooth,-53
111.136,Bluetooth,-63
111.205,Bluetooth,-55
111.206,Bluetooth,-53
111.315,Bluetooth,-55
111.315,Bluetooth,-54
111.343,Bluetooth,-64
111.383,Bluetooth,-55
111.384,Bluetooth,-55
111.523,Bluetooth,-55
111.524,Bluetooth,-54
111.653,Bluetooth,-52
111.685,Bluetooth,-54
111.686,Bluetooth,-54
111.725,Bluetooth,-57
111.726,Bluetooth,-57
111.762,Bluetooth,-52
111.763,Bluetooth,-52
111.797,Bluetooth,-54
111.798,Bluetooth,-55
111.869,Bluetooth,-56
111.870,Bluetooth,-57
111.904,Bluetooth,-54
111.906,Bluetooth,-54
111.942,Bluetooth,-53
111.981,Bluetooth,-53
111.982,Bluetooth,-53
112.041,Bluetooth,-56
112.043,Bluetooth,-57
112.072,Bluetooth,-54
112.073,Bluetooth,-54
112.105,Bluetooth,-53
112.106,Bluetooth,-54
112.139,Bluetooth,-56
112.140,Bluetooth,-56
112.179,Bluetooth,-52
112.179,Bluetooth,-53
112.248,Bluetooth,-55
112.321,Bluetooth,-55
112.322,Bluetooth,-55
112.356,Bluetooth,-53
112.357,Bluetooth,-53
112.388,Bluetooth,-51
112.389,Bluetooth,-52
112.423,Bluetooth,-55
112.424,Bluetooth,-53
112.489,Bluetooth,-54
112.552,Bluetooth,-52
112.589,Bluetooth,-53
112.590,Bluetooth,-53
112.621,Bluetooth,-54
112.621,Bluetooth,-54
112.659,Bluetooth,-51
112.659,Bluetooth,-50
112.695,Bluetooth,-52
112.696,Bluetooth,-53
112.805,Bluetooth,-51
112.806,Bluetooth,-52
112.844,Bluetooth,-54
112.904,Bluetooth,-54
112.905,Bluetooth,-53
112.937,Bluetooth,-56
112.938,Bluetooth,-56
112.976,Bluetooth,-51
112.977,Bluetooth,-53
113.017,Bluetooth,-54
113.018,Bluetooth,-53
113.055,Bluetooth,-55
113.055,Bluetooth,-57
113.089,Bluetooth,-52
113.090,Bluetooth,-51
113.121,Bluetooth,-54
113.159,Bluetooth,-57
113.195,Bluetooth,-53
113.195,Bluetooth,-54
113.230,Bluetooth,-56
113.231,Bluetooth,-56
113.270,Bluetooth,-53
113.271,Bluetooth,-52
113.340,Bluetooth,-56
113.341,Bluetooth,-56
113.409,Bluetooth,-53
113.410,Bluetooth,-53
113.482,Bluetooth,-54
113.483,Bluetooth,-53
113.556,Bluetooth,-53
113.557,Bluetooth,-53
113.586,Bluetooth,-53
113.587,Bluetooth,-53
113.687,Bluetooth,-52
113.687,Bluetooth,-53
113.759,Bluetooth,-54
113.821,Bluetooth,-58
113.822,Bluetooth,-57
113.858,Bluetooth,-52
113.859,Bluetooth,-51
114.046,Bluetooth,-55
114.086,Bluetooth,-54
114.087,Bluetooth,-55
114.189,Bluetooth,-51
114.190,Bluetooth,-51
114.220,Bluetooth,-53
114.221,Bluetooth,-53
114.252,Bluetooth,-55
114.253,Bluetooth,-56
114.285,Bluetooth,-51
114.285,Bluetooth,-51
114.328,Bluetooth,-53
114.364,Bluetooth,-52
114.403,Bluetooth,-53
114.404,Bluetooth,-53
114.436,Bluetooth,-56
114.437,Bluetooth,-55
146.990,Bluetooth,-61
146.991,Bluetooth,-61
147.027,Bluetooth,-60
147.028,Bluetooth,-60
147.066,Bluetooth,-61
147.100,Bluetooth,-62
147.101,Bluetooth,-61
147.136,Bluetooth,-61
147.136,Bluetooth,-61
147.209,Bluetooth,-61
147.210,Bluetooth,-60
147.245,Bluetooth,-62
147.246,Bluetooth,-62
147.279,Bluetooth,-64
147.280,Bluetooth,-67
147.318,Bluetooth,-61
147.319,Bluetooth,-62
147.354,Bluetooth,-61
147.389,Bluetooth,-62
147.390,Bluetooth,-62
147.418,Bluetooth,-62
147.419,Bluetooth,-61
147.487,Bluetooth,-68
147.488,Bluetooth,-68
147.529,Bluetooth,-65
147.529,Bluetooth,-64
147.556,Bluetooth,-62
147.557,Bluetooth,-62
147.597,Bluetooth,-69
147.598,Bluetooth,-68
147.705,Bluetooth,-65
147.705,Bluetooth,-67
147.736,Bluetooth,-67
147.737,Bluetooth,-67
147.772,Bluetooth,-66
147.772,Bluetooth,-65
147.808,Bluetooth,-65
147.809,Bluetooth,-65
147.840,Bluetooth,-65
147.842,Bluetooth,-65
147.909,Bluetooth,-69
147.911,Bluetooth,-70
147.943,Bluetooth,-62
147.946,Bluetooth,-69
147.979,Bluetooth,-63
147.980,Bluetooth,-64
148.070,Bluetooth,-69
148.072,Bluetooth,-68
148.102,Bluetooth,-63
148.201,Bluetooth,-72
148.204,Bluetooth,-71
148.240,Bluetooth,-62
148.241,Bluetooth,-62
148.316,Bluetooth,-62
148.317,Bluetooth,-62
148.352,Bluetooth,-63
148.353,Bluetooth,-62
148.421,Bluetooth,-62
148.422,Bluetooth,-63
148.463,Bluetooth,-62
148.463,Bluetooth,-62
148.497,Bluetooth,-73
148.498,Bluetooth,-74
148.569,Bluetooth,-62
148.673,Bluetooth,-63
148.674,Bluetooth,-63
148.750,Bluetooth,-74
148.751,Bluetooth,-74
148.779,Bluetooth,-63
148.780,Bluetooth,-63
148.844,Bluetooth,-72
148.874,Bluetooth,-70
148.981,Bluetooth,-63
148.982,Bluetooth,-64
149.200,Bluetooth,-66
149.201,Bluetooth,-64
149.271,Bluetooth,-64
149.299,Bluetooth,-66
149.300,Bluetooth,-64
149.449,Bluetooth,-64
149.660,Bluetooth,-68
149.661,Bluetooth,-68
149.767,Bluetooth,-68
149.803,Bluetooth,-69
149.804,Bluetooth,-69
149.870,Bluetooth,-65
149.870,Bluetooth,-65
149.910,Bluetooth,-67
149.911,Bluetooth,-65
149.942,Bluetooth,-65
149.942,Bluetooth,-65
149.981,Bluetooth,-64
149.982,Bluetooth,-64
150.049,Bluetooth,-65
150.087,Bluetooth,-64
150.089,Bluetooth,-64
150.122,Bluetooth,-64
150.123,Bluetooth,-65
150.157,Bluetooth,-62
150.158,Bluetooth,-62
150.262,Bluetooth,-63
150.367,Bluetooth,-65
150.406,Bluetooth,-65
150.407,Bluetooth,-66
150.438,Bluetooth,-62
150.470,Bluetooth,-65
150.471,Bluetooth,-66
150.509,Bluetooth,-65
150.510,Bluetooth,-65
150.545,Bluetooth,-63
150.546,Bluetooth,-62
150.583,Bluetooth,-64
150.617,Bluetooth,-67
150.618,Bluetooth,-66
150.655,Bluetooth,-66
150.692,Bluetooth,-68
150.693,Bluetooth,-68
150.726,Bluetooth,-64
150.727,Bluetooth,-64
150.767,Bluetooth,-65
150.768,Bluetooth,-65
150.805,Bluetooth,-64
150.806,Bluetooth,-65
150.876,Bluetooth,-64
150.876,Bluetooth,-64
150.907,Bluetooth,-65
150.908,Bluetooth,-66
179.636,Bluetooth,-61
179.637,Bluetooth,-62
179.704,Bluetooth,-62
179.705,Bluetooth,-62
179.780,Bluetooth,-62
179.817,Bluetooth,-73
179.818,Bluetooth,-73
179.885,Bluetooth,-63
179.886,Bluetooth,-63
179.916,Bluetooth,-63
179.917,Bluetooth,-64
180.021,Bluetooth,-67
180.022,Bluetooth,-66
180.128,Bluetooth,-72
180.129,Bluetooth,-72
180.168,Bluetooth,-65
180.169,Bluetooth,-65
180.297,Bluetooth,-66
180.298,Bluetooth,-66
180.370,Bluetooth,-67
180.434,Bluetooth,-66
180.467,Bluetooth,-81
180.468,Bluetooth,-81
180.497,Bluetooth,-68
180.498,Bluetooth,-68
180.567,Bluetooth,-69
180.568,Bluetooth,-68
180.601,Bluetooth,-76
180.602,Bluetooth,-76
180.737,Bluetooth,-68
180.738,Bluetooth,-69
180.773,Bluetooth,-78
180.774,Bluetooth,-78
180.804,Bluetooth,-68
180.805,Bluetooth,-66
180.836,Bluetooth,-68
180.837,Bluetooth,-67
180.948,Bluetooth,-78
180.986,Bluetooth,-66
180.987,Bluetooth,-66
181.022,Bluetooth,-69
181.023,Bluetooth,-70
181.058,Bluetooth,-71
181.059,Bluetooth,-72
181.127,Bluetooth,-67
181.128,Bluetooth,-67
181.156,Bluetooth,-69
181.157,Bluetooth,-69
181.232,Bluetooth,-68
181.233,Bluetooth,-68
181.269,Bluetooth,-69
181.300,Bluetooth,-70
181.302,Bluetooth,-70
181.369,Bluetooth,-69
181.370,Bluetooth,-69
181.408,Bluetooth,-73
181.409,Bluetooth,-73
181.438,Bluetooth,-64
181.439,Bluetooth,-65
181.573,Bluetooth,-64
181.646,Bluetooth,-64
181.647,Bluetooth,-64
181.681,Bluetooth,-64
181.682,Bluetooth,-67
181.823,Bluetooth,-65
181.823,Bluetooth,-65
181.859,Bluetooth,-74
181.896,Bluetooth,-70
181.897,Bluetooth,-71
181.933,Bluetooth,-70
181.934,Bluetooth,-69
182.010,Bluetooth,-62
182.011,Bluetooth,-62
182.084,Bluetooth,-74
182.085,Bluetooth,-75
182.125,Bluetooth,-66
182.126,Bluetooth,-65
182.157,Bluetooth,-68
182.158,Bluetooth,-68
182.225,Bluetooth,-73
182.225,Bluetooth,-71
182.263,Bluetooth,-63
182.265,Bluetooth,-63
182.334,Bluetooth,-71
182.335,Bluetooth,-72
182.366,Bluetooth,-79
182.396,Bluetooth,-74
182.397,Bluetooth,-74
182.496,Bluetooth,-80
182.498,Bluetooth,-80
182.526,Bluetooth,-70
182.528,Bluetooth,-71
182.568,Bluetooth,-66
182.568,Bluetooth,-65
182.601,Bluetooth,-72
182.601,Bluetooth,-72
182.704,Bluetooth,-72
182.747,Bluetooth,-74
182.779,Bluetooth,-72
182.780,Bluetooth,-73
182.816,Bluetooth,-72
182.817,Bluetooth,-72
182.883,Bluetooth,-69
182.884,Bluetooth,-69
182.912,Bluetooth,-69
182.913,Bluetooth,-69
182.949,Bluetooth,-71
182.950,Bluetooth,-72
183.010,Bluetooth,-70
183.011,Bluetooth,-70
183.039,Bluetooth,-67
183.040,Bluetooth,-67
183.078,Bluetooth,-67
183.080,Bluetooth,-67
183.119,Bluetooth,-66
183.120,Bluetooth,-82
183.218,Bluetooth,-66
183.219,Bluetooth,-67
183.251,Bluetooth,-67
183.252,Bluetooth,-66
183.352,Bluetooth,-66
183.386,Bluetooth,-68
183.387,Bluetooth,-68
183.419,Bluetooth,-68
183.420,Bluetooth,-68
183.519,Bluetooth,-68
183.520,Bluetooth,-69
183.552,Bluetooth,-69
183.552,Bluetooth,-70
183.625,Bluetooth,-67
183.626,Bluetooth,-66
205.279,Bluetooth,-71
205.280,Bluetooth,-71
205.419,Bluetooth,-70
205.420,Bluetooth,-70
205.493,Bluetooth,-66
205.494,Bluetooth,-66
205.530,Bluetooth,-68
205.531,Bluetooth,-68
205.569,Bluetooth,-65
205.607,Bluetooth,-68
205.608,Bluetooth,-67
205.644,Bluetooth,-76
205.645,Bluetooth,-76
205.685,Bluetooth,-67
205.686,Bluetooth,-66
205.719,Bluetooth,-68
205.719,Bluetooth,-68
205.795,Bluetooth,-66
205.796,Bluetooth,-67
205.868,Bluetooth,-69
205.901,Bluetooth,-68
205.902,Bluetooth,-68
206.000,Bluetooth,-66
206.001,Bluetooth,-65
206.038,Bluetooth,-68
206.039,Bluetooth,-69
206.075,Bluetooth,-81
206.075,Bluetooth,-80
206.107,Bluetooth,-66
206.108,Bluetooth,-66
206.141,Bluetooth,-68
206.142,Bluetooth,-68
206.217,Bluetooth,-66
206.431,Bluetooth,-69
206.433,Bluetooth,-68
206.464,Bluetooth,-64
206.534,Bluetooth,-63
206.536,Bluetooth,-63
206.565,Bluetooth,-65
206.567,Bluetooth,-65
206.639,Bluetooth,-63
206.640,Bluetooth,-64
206.701,Bluetooth,-65
206.702,Bluetooth,-65
206.770,Bluetooth,-66
206.808,Bluetooth,-63
206.809,Bluetooth,-65
206.846,Bluetooth,-63
206.847,Bluetooth,-62
206.947,Bluetooth,-62
206.948,Bluetooth,-63
206.985,Bluetooth,-63
206.986,Bluetooth,-64
207.020,Bluetooth,-63
207.021,Bluetooth,-63
207.059,Bluetooth,-63
207.089,Bluetooth,-62
207.090,Bluetooth,-63
207.155,Bluetooth,-62
207.194,Bluetooth,-62
207.194,Bluetooth,-62
207.227,Bluetooth,-62
207.228,Bluetooth,-62
207.260,Bluetooth,-63
207.261,Bluetooth,-63
207.366,Bluetooth,-63
207.402,Bluetooth,-63
207.403,Bluetooth,-64
207.438,Bluetooth,-63
207.439,Bluetooth,-62
207.475,Bluetooth,-65
207.476,Bluetooth,-65
207.505,Bluetooth,-65
207.506,Bluetooth,-65
207.582,Bluetooth,-67
207.583,Bluetooth,-67
207.683,Bluetooth,-69
207.684,Bluetooth,-68
207.725,Bluetooth,-65
207.726,Bluetooth,-66
207.790,Bluetooth,-65
207.791,Bluetooth,-65
207.821,Bluetooth,-71
207.822,Bluetooth,-71
207.858,Bluetooth,-70
207.859,Bluetooth,-70
207.896,Bluetooth,-66
207.935,Bluetooth,-74
207.936,Bluetooth,-74
208.079,Bluetooth,-66
208.080,Bluetooth,-67
208.145,Bluetooth,-68
208.146,Bluetooth,-67
208.252,Bluetooth,-67
208.387,Bluetooth,-66
208.387,Bluetooth,-66
208.462,Bluetooth,-64
208.464,Bluetooth,-65
208.543,Bluetooth,-69
208.749,Bluetooth,-66
208.750,Bluetooth,-67
208.788,Bluetooth,-67
208.788,Bluetooth,-66
208.818,Bluetooth,-68
208.819,Bluetooth,-66
208.851,Bluetooth,-64
208.890,Bluetooth,-65
208.891,Bluetooth,-63
208.930,Bluetooth,-64
208.931,Bluetooth,-64
208.962,Bluetooth,-66
208.963,Bluetooth,-65
209.024,Bluetooth,-61
209.025,Bluetooth,-61
209.060,Bluetooth,-62
209.062,Bluetooth,-63
209.101,Bluetooth,-66
209.102,Bluetooth,-65
209.140,Bluetooth,-62
209.141,Bluetooth,-62
209.175,Bluetooth,-66
209.203,Bluetooth,-62
209.204,Bluetooth,-61
225.289,Bluetooth,-48
225.290,Bluetooth,-49
225.323,Bluetooth,-52
225.324,Bluetooth,-53
225.358,Bluetooth,-52
225.387,Bluetooth,-53
225.389,Bluetooth,-54
225.422,Bluetooth,-48
225.423,Bluetooth,-48
225.462,Bluetooth,-53
225.463,Bluetooth,-53
225.499,Bluetooth,-52
225.500,Bluetooth,-53
225.529,Bluetooth,-52
225.530,Bluetooth,-53
225.561,Bluetooth,-49
225.598,Bluetooth,-54
225.600,Bluetooth,-54
225.629,Bluetooth,-53
225.630,Bluetooth,-54
225.665,Bluetooth,-51
225.706,Bluetooth,-53
225.707,Bluetooth,-53
225.734,Bluetooth,-51
225.735,Bluetooth,-51
225.773,Bluetooth,-56
225.774,Bluetooth,-56
225.808,Bluetooth,-56
225.809,Bluetooth,-55
225.840,Bluetooth,-53
225.841,Bluetooth,-54
225.881,Bluetooth,-56
225.882,Bluetooth,-56
225.950,Bluetooth,-56
225.990,Bluetooth,-53
225.991,Bluetooth,-53
226.022,Bluetooth,-56
226.022,Bluetooth,-57
226.098,Bluetooth,-53
226.100,Bluetooth,-54
226.127,Bluetooth,-54
226.129,Bluetooth,-52
226.199,Bluetooth,-58
226.200,Bluetooth,-58
226.234,Bluetooth,-55
226.235,Bluetooth,-55
226.268,Bluetooth,-55
226.341,Bluetooth,-61
226.342,Bluetooth,-61
226.446,Bluetooth,-54
226.447,Bluetooth,-54
226.507,Bluetooth,-58
226.508,Bluetooth,-58
226.538,Bluetooth,-53
226.539,Bluetooth,-53
226.569,Bluetooth,-60
226.639,Bluetooth,-55
226.640,Bluetooth,-55
226.672,Bluetooth,-51
226.673,Bluetooth,-52
226.778,Bluetooth,-52
226.779,Bluetooth,-52
226.891,Bluetooth,-51
226.892,Bluetooth,-51
226.928,Bluetooth,-52
226.929,Bluetooth,-52
227.130,Bluetooth,-51
227.130,Bluetooth,-50
227.166,Bluetooth,-51
227.299,Bluetooth,-51
227.300,Bluetooth,-51
227.360,Bluetooth,-52
227.361,Bluetooth,-51
227.466,Bluetooth,-50
227.533,Bluetooth,-52
227.533,Bluetooth,-52
227.601,Bluetooth,-49
227.602,Bluetooth,-49
227.672,Bluetooth,-49
227.673,Bluetooth,-48
227.846,Bluetooth,-47
227.846,Bluetooth,-48
227.880,Bluetooth,-50
227.881,Bluetooth,-50
227.948,Bluetooth,-47
227.949,Bluetooth,-47
227.982,Bluetooth,-50
227.983,Bluetooth,-50
228.016,Bluetooth,-53
228.017,Bluetooth,-53
228.048,Bluetooth,-52
228.080,Bluetooth,-52
228.081,Bluetooth,-52
228.269,Bluetooth,-50
228.303,Bluetooth,-53
228.304,Bluetooth,-52
228.341,Bluetooth,-52
228.342,Bluetooth,-53
228.373,Bluetooth,-48
228.540,Bluetooth,-50
228.541,Bluetooth,-50
228.681,Bluetooth,-51
228.682,Bluetooth,-50
228.903,Bluetooth,-57
228.904,Bluetooth,-56
228.942,Bluetooth,-56
229.116,Bluetooth,-57
229.117,Bluetooth,-56
229.153,Bluetooth,-50
229.154,Bluetooth,-50
229.219,Bluetooth,-58
229.220,Bluetooth,-58
229.247,Bluetooth,-50
255.049,Bluetooth,-69
255.087,Bluetooth,-70
255.088,Bluetooth,-69
255.125,Bluetooth,-70
255.126,Bluetooth,-69
255.222,Bluetooth,-65
255.223,Bluetooth,-63
255.253,Bluetooth,-67
255.254,Bluetooth,-66
255.283,Bluetooth,-61
255.283,Bluetooth,-60
255.356,Bluetooth,-60
255.425,Bluetooth,-68
255.426,Bluetooth,-68
255.461,Bluetooth,-61
255.462,Bluetooth,-61
255.498,Bluetooth,-63
255.499,Bluetooth,-62
255.606,Bluetooth,-59
255.607,Bluetooth,-61
255.638,Bluetooth,-61
255.639,Bluetooth,-61
255.701,Bluetooth,-60
255.702,Bluetooth,-60
255.766,Bluetooth,-59
255.767,Bluetooth,-59
255.836,Bluetooth,-59
255.836,Bluetooth,-59
255.874,Bluetooth,-69
255.875,Bluetooth,-68
255.941,Bluetooth,-60
255.942,Bluetooth,-59
256.042,Bluetooth,-71
256.043,Bluetooth,-71
256.077,Bluetooth,-60
256.139,Bluetooth,-71
256.140,Bluetooth,-72
256.218,Bluetooth,-59
256.219,Bluetooth,-61
256.250,Bluetooth,-60
256.288,Bluetooth,-61
256.289,Bluetooth,-60
256.321,Bluetooth,-72
256.322,Bluetooth,-72
256.428,Bluetooth,-60
256.429,Bluetooth,-61
256.469,Bluetooth,-80
256.470,Bluetooth,-80
256.500,Bluetooth,-63
256.537,Bluetooth,-62
256.538,Bluetooth,-63
256.572,Bluetooth,-63
256.689,Bluetooth,-63
256.690,Bluetooth,-62
256.758,Bluetooth,-73
256.758,Bluetooth,-72
256.793,Bluetooth,-63
256.794,Bluetooth,-62
256.834,Bluetooth,-64
256.834,Bluetooth,-65
256.901,Bluetooth,-65
256.902,Bluetooth,-65
256.975,Bluetooth,-64
256.976,Bluetooth,-63
257.005,Bluetooth,-64
257.006,Bluetooth,-65
257.114,Bluetooth,-63
257.115,Bluetooth,-64
257.154,Bluetooth,-63
257.194,Bluetooth,-65
257.195,Bluetooth,-63
257.225,Bluetooth,-70
257.226,Bluetooth,-70
257.262,Bluetooth,-64
257.263,Bluetooth,-65
257.333,Bluetooth,-70
257.333,Bluetooth,-71
257.367,Bluetooth,-68
257.368,Bluetooth,-69
257.470,Bluetooth,-63
257.548,Bluetooth,-69
257.549,Bluetooth,-69
257.584,Bluetooth,-64
257.584,Bluetooth,-65
257.684,Bluetooth,-63
257.718,Bluetooth,-63
257.758,Bluetooth,-70
257.792,Bluetooth,-63
257.793,Bluetooth,-63
257.832,Bluetooth,-71
257.832,Bluetooth,-73
257.867,Bluetooth,-63
257.868,Bluetooth,-64
257.904,Bluetooth,-63
257.904,Bluetooth,-64
258.045,Bluetooth,-64
258.147,Bluetooth,-63
258.148,Bluetooth,-64
258.217,Bluetooth,-70
258.218,Bluetooth,-71
258.328,Bluetooth,-71
258.329,Bluetooth,-71
258.354,Bluetooth,-72
258.462,Bluetooth,-60
258.463,Bluetooth,-59
258.498,Bluetooth,-87
258.499,Bluetooth,-87
258.537,Bluetooth,-75
258.539,Bluetooth,-74
258.605,Bluetooth,-80
258.606,Bluetooth,-79
258.646,Bluetooth,-60
258.708,Bluetooth,-58
258.709,Bluetooth,-57
258.737,Bluetooth,-79
258.738,Bluetooth,-78
258.770,Bluetooth,-75
258.771,Bluetooth,-75
258.802,Bluetooth,-57
258.803,Bluetooth,-58
258.842,Bluetooth,-76
258.842,Bluetooth,-77